C A_City 20 15 100
C B_City 45 14 120
C C_City 33 42 095

G A_Gen 07 48 110 1000
G B_Gen 68 43 070 0560
G C_Gen 61 06 240 3360

I A_Path 07 48 21 40 140 0.1 14 20
I B_Path 21 40 33 42 055 0.1 08 30
I C_Path 21 40 20 15 045 0.1 10 25
I D_Path 68 43 50 39 080 0.1 11 18
I E_Path 61 06 50 39 150 0.1 18 32
I F_Path 50 39 33 42 057 0.1 14 22
I G_Path 50 39 45 14 133 0.1 20 28
I H_Path 61 06 30 08 300 0.1 17 33
I I_Path 30 08 20 15 130 0.1 19 31
I J_Path 30 08 45 14 130 0.1 18 32

A A_dapt 21 40
A B_dapt 50 39
A C_dapt 30 08