C A_City 784 063 080
C B_City 674 194 095
C C_City 910 185 075
C D_City 786 329 060
C E_City 663 468 100
C F_City 924 463 070

G A_Gen 103 081 260 7000
G B_Gen 101 251 230 7500
G C_Gen 100 411 130 3000

A A_dapt 419 091
A B_dapt 422 247
A C_dapt 422 406

I A_Path 103 081 419 091 200 0.1 14 20
I B_Path 103 081 422 247 080 0.1 14 20
I C_Path 101 251 422 247 200 0.1 14 20
I D_Path 101 251 422 406 100 0.1 14 20
I E_Path 100 411 422 406 120 0.1 14 20
I N_Path 419 091 784 063 080 0.1 14 20
I F_Path 419 091 910 185 030 0.1 14 20
I G_Path 419 091 674 194 050 0.1 14 20
I H_Path 422 247 674 194 045 0.1 14 20
I I_Path 422 247 910 185 045 0.1 14 20
I J_Path 422 247 786 329 030 0.1 14 20
I K_Path 422 406 786 329 030 0.1 14 20
I L_Path 422 406 924 463 070 0.1 14 20
I M_Path 422 406 663 468 100 0.1 14 20